+14352402706
+14353000472
+14357666636
+18013698400
+14352794397
+14353279505
+14354962862
+14352779552
+14352316429
+14352228558
+18015006644
+18015808957
+18014148735
+18016362710
+18013694737
+14353238007
+18012595023
+18018014468
+18017175890
+18016240979
+18018820609
+18018973745
+18015602388
+14358243504
+14352779740
+18018955859
+18015994777
+14354008492
+14358202034
+14355923717
+14355593411
+14355909965
+18015023451
+14355127007
+18016361929
+18012765658
+14352406264
+18012010392
+14358209145
+18014727750
+14357460797
+14356505234
+14353025702
+18018094591
+18018665269
+14352391686
+14353395959
+18018852872
+18012325612
+14353065384
+14358135102
+18017921031
+18018722389
+18018213395
+14357245489
+14359158495
+14353758921
+14357235055
+14355673916
+14353036656
+14352334825
+14352050092
+18012790861
+18016045786
+18018507757
+18015142231
+18015890803
+18015600210
+14357047715
+14356190357
+14354949652
+14355341786
+18016334198
+18018155671
+18013012124
+18012012660
+18013470011
+18016498165
+18017357127
+18014503649
+18016453026
+14357549751
+18015002624
+18016950974
+14352318729
+14352430192
+14357703249
+14352724748
+14352826721
+18016942114
+14356095386
+18015053135
+18016876588
+14357247477
+14353065985
+18018458016
+18016612903
+18014143844
+18017030876
+18015400568
+14357335269
+18012764853
+14352035387
+14358514370
+14356590505
+14352591601
+18019460663
+18015609965
+18016822770
+18016373538
+14357011487
+18015971848
+18017023810
+18014718128
+18013727373
+18016863232
+18015058101
+18018751767
+18012006301
+18016081334
+14353436550
+14352726315
+14352395682
+18014109531
+14356606767
+18014401297
+18012054810
+18016608948
+18018222687
+18019006009
+14355594955
+18012431382
+14352044282
+14355922344
+18018499091
+18016693337
+18017918527
+18017077371
+18013362418
+18018790234
+18014939408
+18015647738
+14357148440
+14356029266
+14357661714
+18017327535
+18019189906
+18016200417
+14354144973
+18015778469
+18018421188
+18017540550
+14355717322
+14353221784
+18018569147
+18013801431
+14352162277
+14353224343
+18015407812
+18016969413
+18019037205
+18012028632
+14357400599
+14352182913
+18019384173
+14353082201
+14352399450
+14355490278
+14358648346
+18019007791
+18019153599
+14356695989
+14356665051
+18019150515
+18014139630
+14353382853
+18017096565
+14357783844
+18013728750
+18019061551
+18015209119
+18012145655
+18016343105
+14354066766
+14353240710
+18019213262
+14354912709
+14353130153
+14356808548
+14353398094
+14353299562
+18015564817
+14352146850
+18017396213
+18016413801
+18016947032
+18019608469
+18012766260
+18013760747
+18012444113
+14353200651
+14354002513
+14352762074
+18013388190
+18016520185
+18016577215
+18016953581
+18012017689
+18012833354
+18019702496
+18013185876
+18018193696
+14356096032
+14354016060
+18019102133
+14357310834
+14353395158
+14352510244
+14355128396
+14352244652
+14353837741
+18012755648
+18012421183
+18016746943
+14354064692
+14353296059
+14353082867
+18014251795
+18017974984
+18015327654
+18012028122
+18018917705
+18016916237
+18012449881
+14353231460
+14352769904
+18018143328
+14354368483
+14352560213
+14358994750
+14352588492
+14352949211
+14353221062
+14353380897
+14354181387
+18015603536
+18018148671
+18012767996
+18016984651
+18013091321
+14357701469
+14357780101
+18013096043
+18014727654
+18018226281
+18016644558
+14358621092
+18018704246
+18012910856
+14358195329
+14355747367
+18016451791
+14357649986
+14353275425
+14356914518
+14355257425
+18012581262
+18012005637
+14359017122
+14355593480
+14352492396
+18013195989
+18016231216
+18018848091
+18016020836
+18019283855
+18016888943
+18017078533
+18012020859
+14352730121
+18019959850
+18015409757
+18013766528
+18013586558
+18015802586
+18019418746
+18016694455
+14356329413
+14357053542
+14352828689
+14355530920
+14354180735
+14355530296
+18018958801
+18016529385
+18015649055
+18017598072
+18016540263
+18016719922
+18013223300
+14358194425
+14352307790
+18012307729
+18017629551
+14352427340
+14355929979
+14352734348
+14357312709
+14354968710
+18017870372
+18018820338
+18019460534
+18018247497
+14355499394
+14352761365
+14353038610
+14357687079
+14352787345
+18017062407
+18017074212
+18016553157
+18013269621
+18019415024
+18018667341
+14357783935
+14352779376
+18016248821
+18016340119
+18016087418
+18016448968
+18016248438
+18015977926
+18014730243
+18019896627
+18018340163
+18015733452
+18017194794
+18012765150
+18017933497
+14353434378
+18015028681
+18013727449
+14357683676
+14354010513
+18013605469
+18019149782
+14357311319
+14352818601
+14358791135
+18013602251
+18018643416
+18015474561
+18018213203
+18016153784
+18013099948
+14353506146
+18018888856
+18016161013
+18018705772
+18012755860
+14357047825
+18016316116
+18014206950
+18016166387
+14353178746
+18016943868
+18015544385
+18013760627
+18013470154
+18017593004
+14358993242
+14356699111
+14358196701
+14352309693
+14352532414
+18019138639
+18019094384
+18015418208
+18014999294
+18018003118
+14353502191
+14355313841
+18017109832
+18015474227
+14352312466
+18012914317
+14352149274
+18016154374
+18013893343
+14353227722
+14352638394
+14358409651
+14357773685
+14354694548
+14357747394
+18012496228
+14353147544
+14353127073
+18018425415
+14352730011
+18014206904
+14359798089
+14355134068
+14352524601
+14352652511
+14352026337
+14355908250
+14356601448
+14353519444
+14353509964
+18015441656
+18018227491
+18013697822
+18016377391
+18017191805
+14357043313
+14353574092
+14354590835
+14352313061
+18016577905
+18015006738
+18018012694
+18015974277
+18013615912
+14355599681
+18013008808
+18013866768
+14353602259
+14359381572
+18019144362
+18018970080
+18016488500
+18016354078
+18016688888
+18018540600
+18012795943
+18017073990
+14357288355
+18016789463
+18014629528
+18019795011
+18019797762
+18018239801
+18018568066
+14356958925
+18016187181
+18012488291
+14352972946
+14352994001
+18018224265
+18018144562
+18015032009
+18018504576
+18019860714
+14356663378
+14355231911
+14357403728
+14352146713
+14358648831
+18016565409
+18012793028
+14352972492
+18015576781
+18014139508
+18019130097
+18014554013
+14355714201
+14357240915
+18014143071
+18017929707
+18018153458
+18016691649
+18014406591
+18012751551
+18013292600
+14356906662
+18019150256
+18018657091
+18016691183
+14356808628
+14353432666
+14353422255
+14356603022
+18012054601
+18017355584
+14352528885
+14352999432
+18016990401
+18018333712
+14357672535
+14357493279
+14358009342
+14358284435
+14353217877
+18019298570
+18018656904
+18015749983
+14354858184
+14356183282
+14352314188
+14359797008
+14357779314
+14354449080
+14355711793
+18016359925
+18015005221
+14352608435
+14352885261
+18018355374
+18018977660
+14355232692
+14352736771
+14352623533
+14354942789
+14354190504
+14357571239
+18014730620
+18015104716
+18014303271
+14352483433
+14356210637
+18013173530
+18012054405
+18018196991
+18013724267
+18018979644
+18015986512
+18017669493
+18014307549
+14358239219
+14352034921
+14354635664
+18017194032
+18018088461
+18017879807
+14352616633
+18018158599
+18016132046
+18018955369
+14353312566
+14353069523
+14354219865
+18018362396
+14356548327
+18016410093
+18018456186
+14353022142
+14355341064
+18018504827
+14352330899
+14356182892
+14356694946
+18014200801
+18015405706
+18012055527
+18018843085
+18018342455
+14355594514
+14356188972
+18013624463
+18016759706
+18017590850
+18016363038
+14353746918
+18018599672
+18015989072
+14352563925
+14356301879
+18017596245
+18017627785
+18012792552
+14356189463
+14358224538
+14359998947
+14357746342
+14356591917
+14356310402
+14352038330
+14354918145
+14357795371
+18015893354
+14352368453
+14355317908
+18013017475
+18019001833
+18018705666
+18016009466
+18012413628
+18016698962
+18016523033
+14356590642
+18019097068
+18019099416
+18017974997
+18017922164
+18013919440
+14352318356
+14357059141
+14354064947
+14352148996
+18012324306
+18016752495
+18019711957
+18015543517
+18015928529
+14352308753
+14356022112
+14353321972
+14357672654
+18014418796
+18018362476
+14357994971
+14356763763
+14352764569
+14357907667
+14352158070
+14356909029
+18018195663
+18018194211
+18016873249
+18018567691
+18018366904
+18013903454
+18015411484
+18014008782
+18012799026
+18017876014
+14355590039
+14354190523
+14352944142
+18013396642
+18018080531
+18014275268
+14353145930
+14357570924
+18014307434
+18019715689
+14357672278
+14352356312
+14353603342
+18014000731
+18015005775
+14353525021
+14357490037
+14353005284
+18016638957
+18016368617
+14353125673
+14357091343
+14352360414
+14358406429
+14352725667
+18018195053
+18017830862
+18018365889
+18016410364
+18018570255
+18013198510
+18012494761
+18017060927
+18013802292
+18018562693
+18016481991
+18015775918
+14354521840
+18012053172
+18016736609
+18017502887
+14354198853
+18013760303
+18019131056
+18015983702
+14353437401
+14353593256
+18014274718
+18015770790
+18013398406
+18018757365
+18016961973
+18016143306
+14357705849
+14353950040
+14356548822
+18016310745
+18013471880
+18018883297
+18019280526
+18018650133
+18015058449
+18018002558
+18017877658
+14358991248
+14359791182
+18015000740
+18016544786
+14354521473
+14357757858
+14352493796
+14353613202
+14352627827
+14357141186
+14354061233
+14355319178
+14353741267
+14355224875
+18017096216
+18015642621
+18015583686
+18018352438
+14352797751
+14357905271
+14358994934
+14352093395
+14355922453
+18018039648
+18015584302
+18019713686
+18016431837
+18012349146
+14352168437
+14357043112
+14357018549
+14354963905
+14356711275
+14356602100
+14352373947
+14353123182
+14352210639
+14358131101
+14356500130
+14352730821
+18017169469
+14357546801
+14353000620
+14353381741
+14353035064
+18019170219
+18016083266
+18018913189
+18017175906
+18016440842
+14353065743
+14355036419
+14353570614
+18013618505
+18018959807
+18018357066
+18012024365
+18018755034
+18019206745
+18016808008
+14354655151
+14357207826
+18014939900
+18019167794
+14353207074
+14353225347
+14352889302
+18018543405
+18018006633
+18015581853
+14353271349
+14355255412
+18016168574
+18019098330
+18018850585
+18019717720
+18018343575
+14353005785
+14357443607
+14357686678
+14357687610
+14352786749
+18014992377
+18017254227
+18012412201
+18017078907
+14358176202
+18017351994
+18014481688
+18018332144
+18016346743
+14352432879
+14358245150
+14352053634
+14352501522
+14357091721
+14352228836
+14353507040
+18018663961
+14352064786
+14355220790
+18018360463
+18018350816
+18015560507
+18019410466
+18019467797
+14355585522
+18018847085
+18018890942
+18015168848
+18012596430
+18015567932
+18019357338
+14352058218
+14353142442
+18018758081
+18014037712
+18017550617
+18015992880
+18018655289
+18013896432
+14352146780
+14357290956
+14357706731
+14355471026
+14357683888
+14355571224
+14358199476
+18018399906
+18016547828
+14352998873
+14352159616
+14357465235
+14353193948
+18017340774
+14357310645
+18016334469
+18018884570
+18019413548
+18015923934
+14358139493
+14358515698
+18012310406
+18019310187
+18018143018
+14359327948
+14352780104
+14355475429
+14353185661
+14352308658
+18012445579
+18018956633
+18014727182
+14357572096
+18017553213
+14352950682
+14352047972
+14356956821
+18014302965
+18018702140
+18013304812
+18012917244
+18012836113
+18016288909
+18016609076
+14357645502
+14352679119
+18018301506
+14359942497
+14352771196
+14357058244
+14352137285
+18016608109
+18014251519
+18012444082
+18012499750
+18012436677
+18019608086
+14358130280
+18016686753
+18019159726
+14354694105
+14357784209
+14353135165
+14355491982
+14356955947
+14352242130
+18018360411
+18018562825
+18016240211
+18015743030
+14353024332
+18012482604
+18017177105
+18013102684
+14358130956
+14357245979
+18018148646
+18012491156
+18014713026
+18016881368
+18016781001
+14353388877
+14353435002
+14353226498
+14353195438
+14352257674
+14359483413
+14357091949
+14352972567
+18013002526
+18016416168
+14358402248
+14355471371
+14356507581
+14353224060
+14353225884
+18014976518
+18016452583
+18016789642
+18013297125
+18018675827
+18016022606
+18013187258
+18018972378
+14359328722
+14352373946
+14357901162
+14356180274
+14352561438
+14356328790
+14358242849
+14356591934
+18012302410
+14353386643
+14357608908
+18014586614
+18017746747
+18012427438
+18017084765
+18019220970
+14358248374
+18018368842
+18013728709
+14357144726
+14352396441
+18019862651
+18014711963
+18018657061
+18013600634
+18018701377
+18012715269
+18019318682
+14353955622
+18016372572
+14353403287
+14357135715
+18013888093
+18014044050
+14358621268
+14352771277
+14352607321
+14353003546
+18015927860
+18013384273
+14353214601
+14353407764
+14357766931
+14355226652
+18016630728
+18012581561
+18013386835
+18015488289
+18014337960
+18015806483
+18018977475
+18017358981
+18014623111
+18013895712
+14358225608
+14356327835
+18019183041
+18018593506
+18018364639
+18017352045
+18016285904
+14353408684
+18016713944
+18017184471
+18018897702
+14353138505
+14355129640
+14355729027
+14359993805
+18018362390
+18019136476
+18018226485
+14356507331
+14352781924
+18018546240
+18012430523
+18012309425
+18013892767
+18015926115
+18013624514
+18016166373
+14355659278
+14353224053
+18017839703
+18013386147